V4194S_trimmed_Aligned.sortedByCoord.out <- c(0.0,0.04781349766129631,0.10542727745192665,0.1580666716163041,0.22941569530031924,0.28509911648971714,0.3253396688692553,0.3434553418962061,0.3791669760190066,0.44375974459870815,0.4962506496399139,0.5489642883658772,0.5567599673323929,0.5710891677184646,0.6138540351919222,0.6193481327492761,0.6557279679263494,0.640656321924419,0.6906229118717054,0.6834954339594624,0.6643403370703096,0.6752542876234315,0.6665676739178855,0.6944836290741703,0.708293117529141,0.7353181379463954,0.7163115301804143,0.7249981438859604,0.7278194372262232,0.7337590021530923,0.7432623060360829,0.7959759447620461,0.810230900586532,0.8205508946469671,0.8389635459202613,0.8633900066820105,0.8414136164525948,0.8195857153463508,0.8120127700645927,0.822778231494543,0.8255995248348058,0.8575246863167273,0.8428985076843121,0.852253322444131,0.866953745638132,0.8524018115673027,0.8614596480807781,0.8705917291558394,0.8270844160665232,0.8717053975796273,0.9008835102828717,0.8798722993540723,0.8835845274333655,0.9132081075061251,0.8917514292078105,0.9251614819214492,0.9593882248125325,0.9824040389041503,0.9884178483926053,1.0,0.9539683718167644,0.9334026282574801,0.9484000296978247,0.9027396243225184,0.9182567376939639,0.9405301061697231,0.8982107060657807,0.8938302769322147,0.9194446506793378,0.9124656618902666,0.9316207587794194,0.9371148563367734,0.9237508352513178,0.9282055089464697,0.9601306704283912,0.9616155616601084,0.9384512584453188,0.9097928576731754,0.9091246566189026,0.9065260969633975,0.9286509763159848,0.9022941569530032,0.8948697007944169,0.8976909941346797,0.8734130224961022,0.8433439750538273,0.7937486079144702,0.769396391714307,0.7345756923305368,0.6967109659217462,0.6477095552750761,0.5897245526765165,0.5399806964139877,0.4851139654020343,0.4025540129185537,0.32697304922414433,0.2548815799242706,0.1781869478060732,0.08627218056277378,0.02130818917514292)
V4220S_trimmed_Aligned.sortedByCoord.out <- c(0.0,0.048588941386796064,0.12631422125739583,0.1992934065466309,0.27039969352573107,0.32856595581662623,0.3695356063508279,0.39728855403737284,0.4387477120844507,0.5217511599199761,0.5818967351977185,0.6468096879921679,0.6552377303877751,0.6671561741795429,0.7228536159707147,0.7472651428084961,0.783148171795854,0.7714638402928532,0.8152854041629422,0.8020899842506278,0.7816370833865407,0.7915336483207764,0.7889371302089985,0.8139871451070532,0.8092623334610309,0.8498914570297535,0.8145405014259567,0.8098795385859617,0.7997701442983016,0.826437662282382,0.8194994253607457,0.8856680713403993,0.9204656706252926,0.9132081896735198,0.9320223045162389,0.9633507853403142,0.9561997190652535,0.9337036564082918,0.9470267739326608,0.9357468182011663,0.9281062444132294,0.927169795258162,0.9021197803601073,0.908121568126676,0.90109819946367,0.8779636487464351,0.900183033243945,0.9107819350444813,0.8623632571404248,0.9249350870472055,0.9350444813348657,0.9282126590899417,0.9239773549567957,0.9298940109819946,0.9164644787809134,0.9584982760822373,0.9763972247052314,0.98335674456221,1.0,0.9986166092027412,0.9761843953518069,0.9438343336312944,0.9545822159792279,0.9088239049929766,0.9198697484357042,0.9323415485463755,0.8994381305069595,0.8760056186949304,0.8951176946324437,0.9021410632954497,0.937896394670753,0.9479419401523859,0.9457285148767718,0.9457285148767718,0.9696505342016771,0.9716085642531818,0.9671391478312689,0.9480057889584131,0.9401736687523943,0.9317669092921296,0.9401523858170518,0.9086323585748947,0.8821563870088963,0.8734942323245222,0.8407610777678457,0.8152002724215723,0.7526497254501341,0.7244711190567403,0.686310815987741,0.6387860213680671,0.6012642063593411,0.5449069935725536,0.4819946367002937,0.4344911250159622,0.36453411654535395,0.29432171285063635,0.23362278125399055,0.17392414761843952,0.09117609500702337,0.03377601838845613)
V4397S_trimmed_Aligned.sortedByCoord.out <- c(0.0,0.05362260827796013,0.12120726923384838,0.18437274837883275,0.2689616523897206,0.31041549915939476,0.34181410615643265,0.36123608998478907,0.4030582019053719,0.4427507805620046,0.4953486510287407,0.5540949483628212,0.5683131854935554,0.5814426386998639,0.6170362661116003,0.6363301577135537,0.6623969257865663,0.6520534785045232,0.6940357057081098,0.7069249859899127,0.6989512448963253,0.7074053318389241,0.700808582179169,0.721831718837563,0.7251941397806421,0.7588984068529341,0.7678648627011448,0.7863261548314787,0.767272436154031,0.811832519413978,0.8094147786406213,0.8465615242974942,0.8400608438075414,0.8419822272035866,0.8377071491473861,0.8531422624289489,0.8457769594107758,0.829573292770795,0.823873188695861,0.8342806820911056,0.84723400848611,0.8679209030501961,0.8799295492754784,0.8872308061804499,0.8993034985189337,0.8784084540869426,0.8676807301256905,0.887486990633256,0.8495556800896645,0.8533344007685534,0.9037386918581378,0.9127371707629494,0.9189656552717957,0.931999039308302,0.9199903930830198,0.9544792250420303,0.9699623729084941,0.9962853254343127,0.9985269393963654,1.0,0.9413817948923224,0.9201505083660235,0.9241213673845169,0.8956848931230486,0.910895845008406,0.9247618285165319,0.894852293651429,0.8655511968617404,0.8824593707469378,0.8906892962933312,0.8969498038587783,0.8811144023697062,0.8563125450324234,0.8448002561844528,0.8660955888239532,0.8616924185413498,0.8733968457289248,0.8578656632775599,0.8550156112400928,0.8563605796173245,0.8695540789368346,0.8532223200704507,0.8460331438635817,0.8260027219598111,0.8160595628852774,0.8005443919622128,0.7659114562484989,0.7437194780241774,0.7116804098951245,0.6640461132015051,0.6220158514130174,0.5837322872468177,0.5273236730445922,0.47731967016251703,0.4087743175086062,0.32690737330878233,0.24941157633496117,0.19066527900088062,0.09954367144343927,0.02803618605395885)
V4202L_trimmed_Aligned.sortedByCoord.out <- c(0.0,0.05655610161918994,0.13900999861344343,0.2122818099185013,0.27763484262583,0.3331895422822721,0.37956215624951856,0.4059683556979772,0.4445454405398327,0.48577238903695946,0.5279853333127917,0.5856352739989832,0.6033061670954721,0.6087137376943105,0.6390177017054646,0.6622502272412146,0.6799673388898304,0.6823398912323406,0.7220570336933245,0.7333189542282272,0.7322097089771834,0.735722318938822,0.7457671509343851,0.7607265556394337,0.7768260179636106,0.7977322097089772,0.785376450107073,0.7903372413686854,0.7796607558273891,0.7867938190389623,0.7942350059313809,0.826618804788242,0.8422252692230662,0.840869525027346,0.8612056879631484,0.8836216857446579,0.8793387665809056,0.8314717527615585,0.8634703970173627,0.8575236099770448,0.8677841285491996,0.8683849697268483,0.8845768691552789,0.9025866983006979,0.899505461492243,0.8768891833181839,0.8772743379192408,0.9228612365003313,0.8755334391224637,0.901970450939007,0.923631545702445,0.9236931704386141,0.9411483769585112,0.9437520220616555,0.9038037868400376,0.9639187169729929,0.9908179143108043,0.9946848665054153,1.0,0.9942843057203161,0.970990155448397,0.9295013018225515,0.9483892834583801,0.8823429724691492,0.9045278774900245,0.9198878429801722,0.9089802646782419,0.8914018086860066,0.9046357207783204,0.9324592891586683,0.9550293487806005,0.9407170038053274,0.9183780369440293,0.9258500362045325,0.93592568056818,0.9301021430002003,0.9186707544408326,0.9006763314794558,0.8762729359564929,0.8957925711380548,0.9039732548645026,0.8871651080743811,0.8547196844813508,0.8324731547243064,0.8014142876950808,0.7948974718451987,0.767197152937189,0.7348595726324547,0.6971452340969665,0.6516969911722565,0.6196983469164523,0.5681954736631284,0.5264447149085643,0.48638863639865043,0.4225916282795914,0.3544192638925265,0.28680152213098337,0.22642468686930933,0.1366066339028486,0.054414642037313776)
