WT_DSS_D1_REP1_trimmed_Aligned.sortedByCoord.out <- c(0.0,0.0664247598719317,0.20200640341515474,0.31299893276414087,0.39965848452508,0.5052294557097119,0.6210885805763073,0.6932337246531484,0.7189327641408751,0.7656350053361793,0.7955602988260405,0.8303094983991463,0.8826894343649947,0.9073639274279616,0.9270010672358592,0.9185912486659552,0.9308431163287086,0.9047171824973319,0.9097118463180363,0.9073212379935965,0.9307577374599787,0.9188473852721452,0.9463820704375667,0.9258484525080043,0.9074493062966915,0.8945144076840982,0.8912700106723586,0.912145144076841,0.9061259338313767,0.9150480256136606,0.9621344717182497,0.9092849519743863,0.9008324439701174,0.919359658484525,0.9102241195304163,0.9014300960512274,0.9066808964781217,0.9114194236926361,0.952059765208111,0.9534685165421558,0.9627321237993597,0.9664887940234792,1.0,0.9981643543223052,0.9916755602988261,0.9414727854855923,0.9000213447171825,0.8857630736392743,0.9004055496264675,0.8917395944503735,0.8982283884738527,0.8854215581643543,0.8922945570971185,0.9062540021344717,0.9144930629669157,0.9206830309498399,0.8823479188900747,0.8696264674493063,0.8512273212379936,0.8536606189967982,0.8444823906083244,0.8443116328708644,0.8270224119530416,0.776350053361793,0.7541942369263607,0.7625186766275347,0.7458271077908217,0.7615795090715048,0.7447598719316969,0.7534258271077908,0.7648239060832444,0.7480896478121665,0.7559445037353255,0.7401921024546425,0.7243543223052294,0.7375880469583778,0.7371611526147278,0.7290928495197438,0.7486019210245465,0.7828388473852721,0.7973105656350054,0.7968836712913554,0.776093916755603,0.7772038420490929,0.7710565635005336,0.7468516542155816,0.727513340448239,0.711760939167556,0.7138527214514407,0.7055282817502668,0.6617289220917822,0.688196371398079,0.6864034151547492,0.6913127001067236,0.6810245464247598,0.6517395944503735,0.5942369263607257,0.49062966915688366,0.4005976520811099,0.12478121664887941)
WT_DSS_D1_REP2_trimmed_Aligned.sortedByCoord.out <- c(0.0,0.06228971962616822,0.1952336448598131,0.31616822429906544,0.39,0.4855140186915888,0.6114018691588785,0.6978504672897197,0.7253271028037384,0.7580841121495328,0.778411214953271,0.7940654205607477,0.8356542056074766,0.8791588785046729,0.9162149532710281,0.8977102803738318,0.8972897196261682,0.8641121495327103,0.8726635514018691,0.8679439252336448,0.8911214953271028,0.8794859813084113,0.8864485981308411,0.8784579439252337,0.8706542056074766,0.86,0.8563551401869159,0.8728971962616823,0.8718691588785047,0.8748130841121495,0.9050467289719626,0.8598130841121495,0.8721495327102804,0.8977102803738318,0.9060280373831776,0.8804672897196262,0.8785514018691589,0.8872897196261682,0.9380841121495327,0.964392523364486,0.9669158878504673,0.969392523364486,1.0,0.9844859813084113,0.9745327102803738,0.9270093457943925,0.8845794392523364,0.871214953271028,0.8841588785046729,0.8685981308411215,0.8847663551401869,0.8699065420560748,0.8769158878504673,0.8822897196261682,0.8689719626168224,0.8900934579439252,0.8595327102803738,0.8568691588785047,0.8192990654205607,0.8236448598130841,0.8036448598130841,0.7986915887850468,0.7961214953271029,0.748177570093458,0.7284579439252337,0.7471495327102804,0.7326168224299066,0.7425700934579439,0.7427570093457944,0.7607943925233644,0.7620560747663552,0.7437850467289719,0.7440186915887851,0.7177570093457943,0.6971028037383178,0.7072429906542056,0.6970093457943926,0.6895794392523364,0.7094392523364486,0.7326635514018691,0.7432710280373832,0.7439719626168224,0.7258878504672898,0.7232710280373832,0.7311682242990655,0.7067757009345794,0.6867757009345794,0.6742990654205607,0.6818224299065421,0.67,0.6238785046728972,0.6550467289719626,0.6316822429906542,0.6245327102803738,0.6169158878504672,0.5816822429906542,0.5324766355140187,0.44378504672897195,0.36350467289719623,0.11098130841121495)
MAP3Kneg_DSS_D1_REP1_trimmed_Aligned.sortedByCoord.out <- c(0.017162162162162164,0.0,0.13172297297297297,0.2535472972972973,0.34442567567567567,0.43780405405405404,0.6327364864864865,0.7202364864864865,0.7101013513513513,0.7392567567567567,0.7824662162162163,0.8085472972972974,0.8683445945945946,0.9005067567567567,0.9224324324324324,0.9141891891891892,0.9200675675675676,0.871722972972973,0.9071621621621622,0.8983445945945946,0.9357432432432432,0.9262837837837837,0.9343581081081082,0.9110135135135136,0.9054054054054054,0.8804054054054054,0.8829054054054054,0.8818243243243243,0.8994256756756757,0.9311148648648648,1.0,0.8674324324324324,0.8646959459459459,0.8856081081081081,0.8875675675675676,0.8756081081081081,0.8972297297297297,0.8924662162162162,0.9188851351351351,0.9339527027027027,0.9363851351351351,0.9376689189189189,0.9797635135135135,0.9690202702702703,0.9598310810810811,0.9192567567567568,0.860945945945946,0.8616554054054054,0.8808445945945946,0.875,0.8896959459459459,0.8348986486486486,0.8482432432432433,0.8743581081081081,0.889054054054054,0.9080743243243243,0.8559121621621621,0.8448310810810811,0.8170945945945945,0.8045608108108108,0.7836486486486487,0.8108783783783784,0.7804054054054054,0.718277027027027,0.7052364864864865,0.7177364864864865,0.6793243243243243,0.7176013513513514,0.6950337837837838,0.7130405405405406,0.7148648648648649,0.6967229729729729,0.7222972972972973,0.6961486486486487,0.6775337837837838,0.705472972972973,0.7085472972972973,0.6995945945945946,0.7171959459459459,0.7468243243243243,0.778918918918919,0.7591891891891892,0.7498310810810811,0.7401689189189189,0.7254054054054054,0.700472972972973,0.6869594594594595,0.6594594594594595,0.6704054054054054,0.6624662162162163,0.586554054054054,0.6596959459459459,0.6412837837837838,0.6570945945945946,0.6492229729729729,0.6054391891891892,0.5732432432432433,0.4733445945945946,0.40679054054054054,0.05581081081081081)
MAP3Kneg_DSS_D1_REP2_trimmed_Aligned.sortedByCoord.out <- c(0.012469018112488083,0.0,0.13799809342230696,0.249952335557674,0.3327359389895138,0.4340133460438513,0.6305815061963775,0.702001906577693,0.7118398474737846,0.7574833174451859,0.8056816015252621,0.8414108674928503,0.9036034318398475,0.9073403241182079,0.9129075309818875,0.911954242135367,0.914699714013346,0.8730600571973308,0.8947187797902765,0.8973879885605338,0.9275500476644424,0.9101239275500477,0.9250333651096282,0.909208770257388,0.8959008579599619,0.8699332697807436,0.8557864632983794,0.8707721639656816,0.877445185891325,0.9059675881792183,1.0,0.8929265967588179,0.8545281220209724,0.8721067683508102,0.8740514775977121,0.8633365109628217,0.889113441372736,0.8914775977121068,0.9034127740705433,0.901163012392755,0.900095328884652,0.8970448045757865,0.9470352716873213,0.9343755958055291,0.938188751191611,0.9126787416587226,0.8583412774070543,0.8650524308865586,0.8781315538608199,0.8788941849380362,0.8824022878932316,0.8432411820781697,0.8619637750238323,0.8817540514775977,0.8822878932316492,0.894184938036225,0.8470543374642516,0.8430886558627264,0.8245185891325072,0.8187988560533842,0.7906959008579599,0.8060247855100096,0.7792564346997141,0.7240038131553861,0.6968541468064824,0.713212583412774,0.684461391801716,0.7137845567206864,0.6873593898951382,0.7232411820781697,0.7166825548141087,0.6966253574833174,0.7174451858913251,0.6979218303145853,0.6801525262154433,0.7140133460438512,0.7125643469971401,0.7088655862726406,0.7234699714013346,0.7759771210676835,0.7897044804575787,0.7802097235462345,0.7712488083889418,0.7645376549094376,0.7626692087702573,0.7322020972354624,0.7191229742612012,0.7031077216396568,0.7060438512869399,0.7000571973307912,0.6361487130600572,0.6938417540514776,0.6750047664442326,0.701582459485224,0.6845757864632984,0.6580743565300285,0.6133841754051478,0.5081792183031458,0.4367206863679695,0.08087702573879886)
